initial_pose_x: -2.03637
initial_pose_y: -0.409142
initial_pose_a: -0.701875
