initial_pose_x: -13.6806
initial_pose_y: 4.76986
initial_pose_a: 0.141346
