initial_pose_x: -1.40741
initial_pose_y: 1.11696
initial_pose_a: 1.55182
