initial_pose_x: -0.619924
initial_pose_y: 3.1062
initial_pose_a: 0.634294
