initial_pose_x: -1.43591
initial_pose_y: 3.57285
initial_pose_a: 2.44177
