initial_pose_x: -0.56968
initial_pose_y: 0.215371
initial_pose_a: 0.398024
