initial_pose_x: -1.42109
initial_pose_y: -0.362252
initial_pose_a: -1.81302
