initial_pose_x: 1.84453
initial_pose_y: 1.00302
initial_pose_a: 0.171258
