initial_pose_x: -0.449915
initial_pose_y: 2.36029
initial_pose_a: 0.492214
