initial_pose_x: -2.40881
initial_pose_y: 0.33082
initial_pose_a: -2.78368
