initial_pose_x: -1.36443
initial_pose_y: 0.925081
initial_pose_a: 1.27938
