initial_pose_x: 1.2649
initial_pose_y: 3.20549
initial_pose_a: 2.10157
