initial_pose_x: 2.2658
initial_pose_y: 1.10189
initial_pose_a: 1.37948
