initial_pose_x: 0.828278
initial_pose_y: 0.983732
initial_pose_a: 2.35225
