initial_pose_x: -0.927492
initial_pose_y: 0.0537936
initial_pose_a: 0.380037
