initial_pose_x: -0.413488
initial_pose_y: 1.23949
initial_pose_a: 2.33104
