initial_pose_x: 0.719934
initial_pose_y: 0.791603
initial_pose_a: -2.92981
