initial_pose_x: -0.33781
initial_pose_y: 1.27018
initial_pose_a: 2.81063
