initial_pose_x: -1.87085
initial_pose_y: -0.601626
initial_pose_a: -0.840142
