initial_pose_x: -0.390394
initial_pose_y: -0.601873
initial_pose_a: 3.04089
