initial_pose_x: 2.52319
initial_pose_y: -0.793405
initial_pose_a: -1.47515
