initial_pose_x: 0.956738
initial_pose_y: 0.345518
initial_pose_a: 0.801778
