initial_pose_x: -0.104335
initial_pose_y: 0.708131
initial_pose_a: -0.285912
