initial_pose_x: -0.927501
initial_pose_y: 0.0537733
initial_pose_a: 0.378117
