initial_pose_x: -2.07437
initial_pose_y: -0.379431
initial_pose_a: -0.695775
