initial_pose_x: -1.00195
initial_pose_y: 1.19411
initial_pose_a: 1.38754
