initial_pose_x: -2.0316
initial_pose_y: -0.679234
initial_pose_a: 0.0202709
